+----------------------------------------------------------------------------------------------------------------------------------------------------------------------------------------------------------------------------------------------------------+
; Legal Partition Candidates                                                                                                                                                                                                                               ;
+-----------------------------------------------------+-------+----------------+--------------+----------------+--------+-----------------+---------------+-----------------+-------+----------------+--------------+------------------+-------------------+
; Hierarchy                                           ; Input ; Constant Input ; Unused Input ; Floating Input ; Output ; Constant Output ; Unused Output ; Floating Output ; Bidir ; Constant Bidir ; Unused Bidir ; Input only Bidir ; Output only Bidir ;
+-----------------------------------------------------+-------+----------------+--------------+----------------+--------+-----------------+---------------+-----------------+-------+----------------+--------------+------------------+-------------------+
; UI|comb_4|trigger                                   ; 4     ; 1              ; 0            ; 1              ; 1      ; 1               ; 1             ; 1               ; 0     ; 0              ; 0            ; 0                ; 0                 ;
; UI|comb_4|r_Y1                                      ; 12    ; 9              ; 0            ; 9              ; 9      ; 9               ; 9             ; 9               ; 0     ; 0              ; 0            ; 0                ; 0                 ;
; UI|comb_4|r_X1                                      ; 12    ; 9              ; 0            ; 9              ; 9      ; 9               ; 9             ; 9               ; 0     ; 0              ; 0            ; 0                ; 0                 ;
; UI|comb_4|r_Y0                                      ; 12    ; 9              ; 0            ; 9              ; 9      ; 9               ; 9             ; 9               ; 0     ; 0              ; 0            ; 0                ; 0                 ;
; UI|comb_4|r_X0                                      ; 12    ; 9              ; 0            ; 9              ; 9      ; 9               ; 9             ; 9               ; 0     ; 0              ; 0            ; 0                ; 0                 ;
; UI|comb_4|m10                                       ; 19    ; 16             ; 0            ; 16             ; 9      ; 16              ; 16            ; 16              ; 0     ; 0              ; 0            ; 0                ; 0                 ;
; UI|comb_4|m9                                        ; 19    ; 16             ; 0            ; 16             ; 9      ; 16              ; 16            ; 16              ; 0     ; 0              ; 0            ; 0                ; 0                 ;
; UI|comb_4|m8                                        ; 19    ; 16             ; 0            ; 16             ; 9      ; 16              ; 16            ; 16              ; 0     ; 0              ; 0            ; 0                ; 0                 ;
; UI|comb_4|m7                                        ; 19    ; 16             ; 0            ; 16             ; 9      ; 16              ; 16            ; 16              ; 0     ; 0              ; 0            ; 0                ; 0                 ;
; UI|comb_4|c4                                        ; 18    ; 16             ; 0            ; 16             ; 1      ; 16              ; 16            ; 16              ; 0     ; 0              ; 0            ; 0                ; 0                 ;
; UI|comb_4|s_Y1                                      ; 12    ; 9              ; 0            ; 9              ; 9      ; 9               ; 9             ; 9               ; 0     ; 0              ; 0            ; 0                ; 0                 ;
; UI|comb_4|s_X1                                      ; 12    ; 9              ; 0            ; 9              ; 9      ; 9               ; 9             ; 9               ; 0     ; 0              ; 0            ; 0                ; 0                 ;
; UI|comb_4|s_Y0                                      ; 12    ; 9              ; 0            ; 9              ; 9      ; 9               ; 9             ; 9               ; 0     ; 0              ; 0            ; 0                ; 0                 ;
; UI|comb_4|s_X0                                      ; 12    ; 9              ; 0            ; 9              ; 9      ; 9               ; 9             ; 9               ; 0     ; 0              ; 0            ; 0                ; 0                 ;
; UI|comb_4|m6                                        ; 19    ; 16             ; 0            ; 16             ; 9      ; 16              ; 16            ; 16              ; 0     ; 0              ; 0            ; 0                ; 0                 ;
; UI|comb_4|m5                                        ; 19    ; 16             ; 0            ; 16             ; 9      ; 16              ; 16            ; 16              ; 0     ; 0              ; 0            ; 0                ; 0                 ;
; UI|comb_4|m4                                        ; 19    ; 16             ; 0            ; 16             ; 9      ; 16              ; 16            ; 16              ; 0     ; 0              ; 0            ; 0                ; 0                 ;
; UI|comb_4|m3                                        ; 19    ; 16             ; 0            ; 16             ; 9      ; 16              ; 16            ; 16              ; 0     ; 0              ; 0            ; 0                ; 0                 ;
; UI|comb_4|c3                                        ; 18    ; 0              ; 0            ; 0              ; 1      ; 0               ; 0             ; 0               ; 0     ; 0              ; 0            ; 0                ; 0                 ;
; UI|comb_4|deltaY                                    ; 12    ; 1              ; 0            ; 1              ; 9      ; 1               ; 1             ; 1               ; 0     ; 0              ; 0            ; 0                ; 0                 ;
; UI|comb_4|deltaX                                    ; 12    ; 1              ; 0            ; 1              ; 9      ; 1               ; 1             ; 1               ; 0     ; 0              ; 0            ; 0                ; 0                 ;
; UI|comb_4|m2                                        ; 19    ; 0              ; 0            ; 0              ; 9      ; 0               ; 0             ; 0               ; 0     ; 0              ; 0            ; 0                ; 0                 ;
; UI|comb_4|m1                                        ; 19    ; 0              ; 0            ; 0              ; 9      ; 0               ; 0             ; 0               ; 0     ; 0              ; 0            ; 0                ; 0                 ;
; UI|comb_4|c2                                        ; 18    ; 9              ; 0            ; 9              ; 1      ; 9               ; 9             ; 9               ; 0     ; 0              ; 0            ; 0                ; 0                 ;
; UI|comb_4|c1                                        ; 18    ; 9              ; 0            ; 9              ; 1      ; 9               ; 9             ; 9               ; 0     ; 0              ; 0            ; 0                ; 0                 ;
; UI|comb_4|s4                                        ; 18    ; 16             ; 0            ; 16             ; 9      ; 16              ; 16            ; 16              ; 0     ; 0              ; 0            ; 0                ; 0                 ;
; UI|comb_4|s3                                        ; 18    ; 16             ; 0            ; 16             ; 9      ; 16              ; 16            ; 16              ; 0     ; 0              ; 0            ; 0                ; 0                 ;
; UI|comb_4|s2                                        ; 18    ; 16             ; 0            ; 16             ; 9      ; 16              ; 16            ; 16              ; 0     ; 0              ; 0            ; 0                ; 0                 ;
; UI|comb_4|s1                                        ; 18    ; 16             ; 0            ; 16             ; 9      ; 16              ; 16            ; 16              ; 0     ; 0              ; 0            ; 0                ; 0                 ;
; UI|comb_4|Y1                                        ; 12    ; 9              ; 0            ; 9              ; 9      ; 9               ; 9             ; 9               ; 0     ; 0              ; 0            ; 0                ; 0                 ;
; UI|comb_4|X1                                        ; 12    ; 9              ; 0            ; 9              ; 9      ; 9               ; 9             ; 9               ; 0     ; 0              ; 0            ; 0                ; 0                 ;
; UI|comb_4|Y0                                        ; 12    ; 17             ; 0            ; 17             ; 9      ; 17              ; 17            ; 17              ; 0     ; 0              ; 0            ; 0                ; 0                 ;
; UI|comb_4|X0                                        ; 12    ; 17             ; 0            ; 17             ; 9      ; 17              ; 17            ; 17              ; 0     ; 0              ; 0            ; 0                ; 0                 ;
; UI|comb_4                                           ; 34    ; 36             ; 0            ; 36             ; 38     ; 36              ; 36            ; 36              ; 0     ; 0              ; 0            ; 0                ; 0                 ;
; UI|comb_3                                           ; 2     ; 0              ; 0            ; 0              ; 16     ; 0               ; 0             ; 0               ; 0     ; 0              ; 0            ; 0                ; 0                 ;
; UI                                                  ; 20    ; 37             ; 0            ; 37             ; 38     ; 37              ; 37            ; 37              ; 0     ; 0              ; 0            ; 0                ; 0                 ;
; LD|D|dxy_F5                                         ; 12    ; 1              ; 0            ; 1              ; 9      ; 1               ; 1             ; 1               ; 0     ; 0              ; 0            ; 0                ; 0                 ;
; LD|D|dxy_F4                                         ; 12    ; 1              ; 0            ; 1              ; 9      ; 1               ; 1             ; 1               ; 0     ; 0              ; 0            ; 0                ; 0                 ;
; LD|D|dxy_M9                                         ; 19    ; 0              ; 0            ; 0              ; 9      ; 0               ; 0             ; 0               ; 0     ; 0              ; 0            ; 0                ; 0                 ;
; LD|D|dxy_M8                                         ; 19    ; 0              ; 0            ; 0              ; 9      ; 0               ; 0             ; 0               ; 0     ; 0              ; 0            ; 0                ; 0                 ;
; LD|D|y_F3                                           ; 12    ; 1              ; 0            ; 1              ; 9      ; 1               ; 1             ; 1               ; 0     ; 0              ; 0            ; 0                ; 0                 ;
; LD|D|y_M7                                           ; 19    ; 0              ; 0            ; 0              ; 9      ; 0               ; 0             ; 0               ; 0     ; 0              ; 0            ; 0                ; 0                 ;
; LD|D|y_A3                                           ; 18    ; 7              ; 0            ; 7              ; 9      ; 7               ; 7             ; 7               ; 0     ; 0              ; 0            ; 0                ; 0                 ;
; LD|D|y_M6                                           ; 19    ; 25             ; 0            ; 25             ; 9      ; 25              ; 25            ; 25              ; 0     ; 0              ; 0            ; 0                ; 0                 ;
; LD|D|y_C2                                           ; 18    ; 0              ; 0            ; 0              ; 1      ; 0               ; 0             ; 0               ; 0     ; 0              ; 0            ; 0                ; 0                 ;
; LD|D|x_F2                                           ; 12    ; 1              ; 0            ; 1              ; 9      ; 1               ; 1             ; 1               ; 0     ; 0              ; 0            ; 0                ; 0                 ;
; LD|D|x_M5                                           ; 19    ; 0              ; 0            ; 0              ; 9      ; 0               ; 0             ; 0               ; 0     ; 0              ; 0            ; 0                ; 0                 ;
; LD|D|x_A2                                           ; 18    ; 9              ; 0            ; 9              ; 9      ; 9               ; 9             ; 9               ; 0     ; 0              ; 0            ; 0                ; 0                 ;
; LD|D|e_F1                                           ; 12    ; 1              ; 0            ; 1              ; 9      ; 1               ; 1             ; 1               ; 0     ; 0              ; 0            ; 0                ; 0                 ;
; LD|D|e_M4                                           ; 19    ; 0              ; 0            ; 0              ; 9      ; 0               ; 0             ; 0               ; 0     ; 0              ; 0            ; 0                ; 0                 ;
; LD|D|e_A1                                           ; 18    ; 0              ; 0            ; 0              ; 9      ; 0               ; 0             ; 0               ; 0     ; 0              ; 0            ; 0                ; 0                 ;
; LD|D|e_M3                                           ; 19    ; 0              ; 0            ; 0              ; 9      ; 0               ; 0             ; 0               ; 0     ; 0              ; 0            ; 0                ; 0                 ;
; LD|D|e_S2                                           ; 18    ; 0              ; 0            ; 0              ; 9      ; 0               ; 0             ; 0               ; 0     ; 0              ; 0            ; 0                ; 0                 ;
; LD|D|e_Y2                                           ; 12    ; 1              ; 0            ; 1              ; 9      ; 1               ; 1             ; 1               ; 0     ; 0              ; 0            ; 0                ; 0                 ;
; LD|D|e_Y1                                           ; 12    ; 1              ; 0            ; 1              ; 9      ; 1               ; 1             ; 1               ; 0     ; 0              ; 0            ; 0                ; 0                 ;
; LD|D|e_M2                                           ; 19    ; 0              ; 0            ; 0              ; 9      ; 0               ; 0             ; 0               ; 0     ; 0              ; 0            ; 0                ; 0                 ;
; LD|D|e_M1                                           ; 19    ; 0              ; 0            ; 0              ; 9      ; 0               ; 0             ; 0               ; 0     ; 0              ; 0            ; 0                ; 0                 ;
; LD|D|e_C1                                           ; 18    ; 0              ; 0            ; 0              ; 1      ; 0               ; 0             ; 0               ; 0     ; 0              ; 0            ; 0                ; 0                 ;
; LD|D|e_S1                                           ; 18    ; 0              ; 0            ; 0              ; 9      ; 0               ; 0             ; 0               ; 0     ; 0              ; 0            ; 0                ; 0                 ;
; LD|D|out_C2                                         ; 18    ; 0              ; 0            ; 0              ; 1      ; 0               ; 0             ; 0               ; 0     ; 0              ; 0            ; 0                ; 0                 ;
; LD|D|out_C1                                         ; 18    ; 9              ; 0            ; 9              ; 1      ; 9               ; 9             ; 9               ; 0     ; 0              ; 0            ; 0                ; 0                 ;
; LD|D|P                                              ; 4     ; 1              ; 0            ; 1              ; 1      ; 1               ; 1             ; 1               ; 0     ; 0              ; 0            ; 0                ; 0                 ;
; LD|D                                                ; 50    ; 16             ; 0            ; 16             ; 37     ; 16              ; 16            ; 16              ; 0     ; 0              ; 0            ; 0                ; 0                 ;
; LD|L                                                ; 4     ; 1              ; 0            ; 1              ; 13     ; 1               ; 1             ; 1               ; 0     ; 0              ; 0            ; 0                ; 0                 ;
; LD                                                  ; 39    ; 0              ; 0            ; 0              ; 19     ; 0               ; 0             ; 0               ; 0     ; 0              ; 0            ; 0                ; 0                 ;
; VGA|controller|controller_translator                ; 17    ; 0              ; 0            ; 0              ; 17     ; 0               ; 0             ; 0               ; 0     ; 0              ; 0            ; 0                ; 0                 ;
; VGA|controller                                      ; 5     ; 1              ; 0            ; 1              ; 52     ; 1               ; 1             ; 1               ; 0     ; 0              ; 0            ; 0                ; 0                 ;
; VGA|mypll                                           ; 1     ; 0              ; 0            ; 0              ; 1      ; 0               ; 0             ; 0               ; 0     ; 0              ; 0            ; 0                ; 0                 ;
; VGA|VideoMemory|auto_generated|altsyncram1|mux6     ; 62    ; 0              ; 0            ; 0              ; 3      ; 0               ; 0             ; 0               ; 0     ; 0              ; 0            ; 0                ; 0                 ;
; VGA|VideoMemory|auto_generated|altsyncram1|mux5     ; 62    ; 0              ; 0            ; 0              ; 3      ; 0               ; 0             ; 0               ; 0     ; 0              ; 0            ; 0                ; 0                 ;
; VGA|VideoMemory|auto_generated|altsyncram1|decode_b ; 6     ; 1              ; 0            ; 1              ; 19     ; 1               ; 1             ; 1               ; 0     ; 0              ; 0            ; 0                ; 0                 ;
; VGA|VideoMemory|auto_generated|altsyncram1|decode_a ; 6     ; 1              ; 0            ; 1              ; 19     ; 1               ; 1             ; 1               ; 0     ; 0              ; 0            ; 0                ; 0                 ;
; VGA|VideoMemory|auto_generated|altsyncram1|decode4  ; 6     ; 0              ; 0            ; 0              ; 19     ; 0               ; 0             ; 0               ; 0     ; 0              ; 0            ; 0                ; 0                 ;
; VGA|VideoMemory|auto_generated|altsyncram1|decode3  ; 6     ; 0              ; 0            ; 0              ; 19     ; 0               ; 0             ; 0               ; 0     ; 0              ; 0            ; 0                ; 0                 ;
; VGA|VideoMemory|auto_generated|altsyncram1          ; 45    ; 4              ; 1            ; 4              ; 3      ; 4               ; 4             ; 4               ; 0     ; 0              ; 0            ; 0                ; 0                 ;
; VGA|VideoMemory|auto_generated                      ; 40    ; 0              ; 0            ; 0              ; 3      ; 0               ; 0             ; 0               ; 0     ; 0              ; 0            ; 0                ; 0                 ;
; VGA|user_input_translator                           ; 17    ; 0              ; 0            ; 0              ; 17     ; 0               ; 0             ; 0               ; 0     ; 0              ; 0            ; 0                ; 0                 ;
; VGA                                                 ; 23    ; 3              ; 0            ; 3              ; 35     ; 3               ; 3             ; 3               ; 0     ; 0              ; 0            ; 0                ; 0                 ;
+-----------------------------------------------------+-------+----------------+--------------+----------------+--------+-----------------+---------------+-----------------+-------+----------------+--------------+------------------+-------------------+
